15 8
45 3
24 37
20 34
26 32
14 6
27 5
14 43
7 28
30 10
1 18
29 19
3 2
39 29
5 25
15 33
4 16
30 37
1 3
39 6
45 8
15 16
26 43
39 26
29 2
46 28
44 31
10 6
45 47
10 4
50 28
31 47
25 26
23 41
8 7
10 20
23 3
13 43
6 16
31 10
29 8
31 16
10 8
8 41
25 38
7 37
4 29
18 39
37 35
3 22
1 49
43 2
38 32
47 32
41 28
8 4
38 3
2 13
13 11
9 25
38 22
18 28
20 41
6 37
30 40
49 17
14 44
37 47
31 21
28 2
43 34
27 28
39 38
50 39
50 10
1 27
14 40
26 42
46 16
5 7
45 17
50 22
18 29
22 39
17 20
12 17
35 20
7 47
32 9
25 50
10 25
33 45
2 9
33 44
9 27
22 50
14 24
25 9
45 24
7 8
46 35
44 12
1 31
13 15
17 24
31 49
38 28
35 17
48 29
1 14
44 25
48 50
37 31
2 4
6 35
19 41
8 10
29 14
15 40
42 4
28 5
45 19
43 39
26 6
41 38
41 15
41 48
14 45
27 26
33 29
3 50
16 36
13 9
48 39
37 38
21 16
36 12
3 23
33 4
16 29
46 18
37 29
14 35
12 39
13 49
33 50
34 45
15 35
39 46
32 17
