1	16,95	13,21	18,88	6,6
2	9,69	21,45	27,86	11,22	10,98
3	7,24	28,73	4,78	13,93	19,4
4	26,9	10,93	9,82	3,78
5	25,79	16,57
6	23,1	1,6	25,96
7	3,24	16,41	20,26	8,35
8	7,35
9	2,69	18,25	4,82	17,54	27,71
10	15,74	4,93	28,21	2,98
11	23,19	2,22	26,61	16,38	24,80
12	28,15	19,66	22,27
13	1,21	26,34	28,54	3,93
14	20,83	22,90
15	10,74	26,30	21,61	30,23	23,58
16	1,95	7,41	5,57	11,38	26,31	23,27
17	9,54	23,60	25,10
18	9,25	29,97	1,88	20,63	25,53
19	12,66	3,4
20	14,83	7,26	18,63
21	30,5	2,45	15,61	26,74
22	14,90	12,27	29,63
23	6,1	11,19	24,86	28,66	15,58	17,60	16,27
24	23,86	11,80
25	5,79	6,96	18,53	17,10
26	4,9	15,30	13,34	11,61	16,31	21,74
27	30,24	28,18	2,86	9,71
28	12,15	3,73	27,18	10,21	13,54	23,66
29	18,97	22,63
30	27,24	21,5	15,23
